# Points for x^2 = 4y
-5.000000 6.250000
-4.900000 6.002500
-4.800000 5.760000
-4.700000 5.522501
-4.600000 5.290001
-4.500000 5.062501
-4.400001 4.840001
-4.300001 4.622501
-4.200001 4.410002
-4.100001 4.202502
-4.000001 4.000002
-3.900001 3.802502
-3.800001 3.610002
-3.700001 3.422502
-3.600001 3.240002
-3.500001 3.062503
-3.400002 2.890002
-3.300002 2.722503
-3.200002 2.560003
-3.100002 2.402503
-3.000002 2.250003
-2.900002 2.102503
-2.800002 1.960003
-2.700002 1.822503
-2.600002 1.690003
-2.500002 1.562503
-2.400002 1.440003
-2.300003 1.322503
-2.200003 1.210003
-2.100003 1.102503
-2.000003 1.000003
-1.900003 0.902503
-1.800003 0.810003
-1.700003 0.722502
-1.600003 0.640002
-1.500003 0.562502
-1.400003 0.490002
-1.300003 0.422502
-1.200003 0.360002
-1.100003 0.302501
-1.000003 0.250001
-0.900003 0.202501
-0.800003 0.160001
-0.700003 0.122501
-0.600003 0.090001
-0.500003 0.062501
-0.400003 0.040001
-0.300003 0.022500
-0.200003 0.010000
-0.100003 0.002500
-0.000003 0.000000
0.099997 0.002500
0.199997 0.010000
0.299997 0.022500
0.399997 0.039999
0.499997 0.062499
0.599997 0.089999
0.699997 0.122499
0.799998 0.159999
0.899998 0.202499
0.999998 0.249999
1.099998 0.302499
1.199998 0.359999
1.299998 0.422498
1.399998 0.489998
1.499998 0.562498
1.599998 0.639998
1.699998 0.722498
1.799998 0.809998
1.899998 0.902498
1.999998 0.999998
2.099998 1.102498
2.199998 1.209997
2.299998 1.322497
2.399997 1.439997
2.499997 1.562497
2.599997 1.689996
2.699997 1.822496
2.799997 1.959996
2.899997 2.102496
2.999997 2.249995
3.099997 2.402495
3.199997 2.559995
3.299997 2.722494
3.399997 2.889994
3.499996 3.062494
3.599996 3.239993
3.699996 3.422493
3.799996 3.609993
3.899996 3.802492
3.999996 3.999992
4.099996 4.202492
4.199996 4.409992
4.299996 4.622491
4.399996 4.839991
4.499996 5.062490
4.599996 5.289990
4.699996 5.522490
4.799995 5.759989
4.899995 6.002489
4.999995 6.249988

# Points for y^2 = 4x
6.250000 -5.000000
6.002500 -4.900000
5.760000 -4.800000
5.522501 -4.700000
5.290001 -4.600000
5.062501 -4.500000
4.840001 -4.400001
4.622501 -4.300001
4.410002 -4.200001
4.202502 -4.100001
4.000002 -4.000001
3.802502 -3.900001
3.610002 -3.800001
3.422502 -3.700001
3.240002 -3.600001
3.062503 -3.500001
2.890002 -3.400002
2.722503 -3.300002
2.560003 -3.200002
2.402503 -3.100002
2.250003 -3.000002
2.102503 -2.900002
1.960003 -2.800002
1.822503 -2.700002
1.690003 -2.600002
1.562503 -2.500002
1.440003 -2.400002
1.322503 -2.300003
1.210003 -2.200003
1.102503 -2.100003
1.000003 -2.000003
0.902503 -1.900003
0.810003 -1.800003
0.722502 -1.700003
0.640002 -1.600003
0.562502 -1.500003
0.490002 -1.400003
0.422502 -1.300003
0.360002 -1.200003
0.302501 -1.100003
0.250001 -1.000003
0.202501 -0.900003
0.160001 -0.800003
0.122501 -0.700003
0.090001 -0.600003
0.062501 -0.500003
0.040001 -0.400003
0.022500 -0.300003
0.010000 -0.200003
0.002500 -0.100003
0.000000 -0.000003
0.002500 0.099997
0.010000 0.199997
0.022500 0.299997
0.039999 0.399997
0.062499 0.499997
0.089999 0.599997
0.122499 0.699997
0.159999 0.799998
0.202499 0.899998
0.249999 0.999998
0.302499 1.099998
0.359999 1.199998
0.422498 1.299998
0.489998 1.399998
0.562498 1.499998
0.639998 1.599998
0.722498 1.699998
0.809998 1.799998
0.902498 1.899998
0.999998 1.999998
1.102498 2.099998
1.209997 2.199998
1.322497 2.299998
1.439997 2.399997
1.562497 2.499997
1.689996 2.599997
1.822496 2.699997
1.959996 2.799997
2.102496 2.899997
2.249995 2.999997
2.402495 3.099997
2.559995 3.199997
2.722494 3.299997
2.889994 3.399997
3.062494 3.499996
3.239993 3.599996
3.422493 3.699996
3.609993 3.799996
3.802492 3.899996
3.999992 3.999996
4.202492 4.099996
4.409992 4.199996
4.622491 4.299996
4.839991 4.399996
5.062490 4.499996
5.289990 4.599996
5.522490 4.699996
5.759989 4.799995
6.002489 4.899995
6.249988 4.999995
